image: casa.pgm
resolution: 0.120000
origin: [-35.600000, -31.760000, 0.000000]
negate: 0
occupied_thresh: 0.65
free_thresh: 0.196

