image: lab15.pgm
resolution: 0.120000
origin: [-12.560000, -12.560000, 0.000000]
negate: 0
occupied_thresh: 0.65
free_thresh: 0.196

